2
345
692
636
907
631
622
897
899
42
163
647
408
871
793
450
989
234
528
111
278
382
651
955
868
221
71
5
481
147
623
794
840
469
724
713
525
52
168
158
179
681
514
370
957
615
180
802
247
563
748
543
462
559
399
150
709
388
978
191
240
800
29
272
312
291
118
393
694
270
423
718
540
13
351
776
276
81
843
87
775
203
472
484
508
354
6
226
683
100
41
149
474
40
271
597
938
433
197
12
889
804
937
468
896
176
378
865
463
556
334
451
307
787
705
578
417
546
930
259
78
491
781
120
747
243
501
788
624
728
936
165
987
257
629
239
22
560
20
301
437
719
829
35
482
25
14
716
440
275
267
251
886
76
789
712
277
202
921
942
549
856
416
733
50
952
434
984
194
274
470
841
153
349
695
569
445
596
62
582
834
365
465
381
506
319
459
877
250
903
216
679
342
797
206
56
906
360
249
429