562
671
658
8
976
28
659
488
360
775
147
843
452
818
851
623
460
243
234
820
115
249
545
650
302
589
687
767
146
613
169
998
999
142
748
349
382
43
978
265
713
82
248
837
261
773
404
435
806
780
222
674
527
706
5
297
930
10
328
90
693
433
931
470
100
682
774
921
29
171
904
11
515
218
506
174
879
64
453
278
468
354
652
51
884
915
936
758
119
882
606
502
60
953
211
457
604
125
391
640
295
980
792
122
939
427
191
979
4
762
374
400
245
367
237
579
139
355
781
363
902
456
71
499
624
422
684
871
347
729
455
47
677
752
642
573
504
528
584
291
721
726
12
485
878
621
121
77
285
578
888
588
229
679
956
648
651
790
162
641
508
26
403
287
612
856
153
512
637
935
885
426
853
963
440
346
614
370
833
158
949
271
496
848
471
17
554
294
608
911
441
718
725
796
150
703
905
160
446
518
797
309
647
760
448
79
19
187
521
67
183
733
32
887
59
557
298
498
730
133
740
24
356
661
210
478
402
96
141
532
399
777
312
569
626
759
14
52
778
802
216
136
156
101
88
665
549
177
190
886
56
942
855
500
3
114
194
112
50
325
924
492
366
704
891
420
439
696
821
663
23
241
893
128
188
559
507
384
338
860
926
371
138
983
670
981
105
224
516
991
258
205
817
288
425
262
629
655
315
38
