14
98
13
11
17
94
97
146
144
12
361
91
315
322
18
75
85
92
21
293
86
19
25
137
16
127
0
20
133
15
154
331
229
134
353
36
10
93
360
80
335
317
330
138
9
136
141
143
23
374
309
337
81
28
22
288
32
54
76
139
67
369
395
84
340
733
985
7
380
142
68
102
8
372
82
318
269
58
282
356
911
357
128
78
287
35
60
311
343
382
362
308
947
27
387
62
90
304
131
46
336
74
99
276
302
810
26
24
992
272
316
600
663
89
41
277
448
280
923
132
59
312
83
324
270
49
77
320
96
348
278
65
364
64
129
874
48
352
56
145
73
72
615
392
350
321
193
975
57
292
323
294
274
135
50
95
279
147
291
742
664
381
307
79
298
373
39
986
185
273
363
946
371
40
314
140
271
299
349
300
310
442
66
809
303
45
184
366
301
497
30
389
55
319
42
325
175
113
370
31