604
594
71
543
437
340
335
403
122
779
294
113
292
934
354
596
49
417
833
963
827
407
518
743
626
629
861
937
291
429
462
859
386
409
73
701
470
650
60
764
472
486
801
508
33
823
930
851
897
889
513
754
920
534
761
866
970
147
683
740
933
748
435
471
644
373
483
3
31
587
497
104
414
447
402
681
545
404
784
949
504
759
651
628
953
875
907
528
549
310
776
567
928
119
145
330
792
527
752
654
814
881
341
541
464
821
831
88
845
672
978
487
777
817
696
954
555
867
849
339
425
388
797
530
883
588
947
97
705
463
482
610
975
479
780
968
421
850
493
348
130
896
774
281
844
457
455
749
879
966
618
430
334
717
921
24
767
21
721
841
309
805
912
679
806
770
635
419
670
750
876
499
100
208
531
846
843
532
836
818
615
559
874
738
733
734
418
671
799
608
931
637
973
746
323
842
811
600
838
556