371
146
60
91
32
140
24
331
380
75
142
309
361
14
304
90
335
370
96
0
54
147
93
137
129
272
269
356
280
276
337
95
317
10
12
293
947
287
322
7
18
9
26
292
229
282
11
56
46
277
35
136
134
8
318
89
295
321
975
49
78
340
81
33
600
275
319
94
357
320
21
67
17
113
373
13
74
42
733
382
291
311
365
381
66
360
97
79
389
98
395
83
336
375
44
127
15
299
86
144
132
372
312
20
396
348
369
23
139
138
314
59
303
16
911
50
352
154
28
323
150
663
497
126
992
200
780
310
189
19
884
826
270
326
92
76
288
343
65
325
363
278
482
510
143
290
848
85
315
262
364
57
47
45
993
184
986
193
742
55
809
301
48
615
185
186
64
30
764
273
25
52
339
227
334
442
77
175
40
165
358
966
973
53
145
538
294
349
448
899
300
367
810
387
874
644
628
350
559
247
99
353
128
82
133
22
102
131
36
374
39
84
827
239
72
302
80
31
41
215
58
68
130
330
27
796
274
832
359
104
73
37
831
191
264
271
226
682
141
298
316
324
192
289
155
6
985
978
608
351
956
194
750
409
88
536
38
248
61
404
583
307
946
392
604
279
362
914
308
135
895
34
683
100
345
508
383
263
584
481
923
885
101
698
485
908
355
313
397
429
62
219
296
955
250
297
281
196
386
327