409
530
892
531
414
636
748
893
585
626
19
136
750
564
894
516
671
444
665
870
440
898
441
907
463
469
653
790
590
761
316
91
916
922
918
781
470
644
682
406
559
765
857
85
478
464
906
556
527
613
331
35
831
703
282
721
794
905
854
885
818
650
17
317
740
128
21
73
629
92
419
41
919
920
844
861
545
811
129
753
553
493
771
526
774
502
98
139
985
946
32
309
975
557
868
912
813
923
960
659
836
837
633
86
587
596
380
522
518
715
461
560
849
505
899
550
508
810
878
76
777
499
623
512
619
846
883
84
681
620
592
973
902
82
542
551
782
664
688
23
840
462
228
882
673
662
78
272
504
968
967
725
446
921
99
142
651
766
827
534
567
909
930
926
584
600
772
133
418
563
749
22
767
710
696
356
549
692
591
539
742
713
745
874
677
783
604
506
754
848
482
485
760
897
799
521
769
798
287
24
473
353
308
280
784
477
141
371
453
648
624
729
896
804
435
876
770
630
514
806
737
886
455
947
632
605
330
83
618
910
809
928
851
548
598
546
532
736
708
762
528
707
487
733
838
72
132
666
865
850
583
538
412
637
569
427
759
622
60
54
911
966
520
859
826
524
36
495
423
969
925
709
589
535
481
606
492
113
277
488
904
544
978
74
337
77
497
588
146
731
68
269
706
382
726
594
711
278
138
546
